// wooden table
background(112, 102, 71);

// plate
ellipse(200, 200, 350, 350);
fill(222, 222, 222);
ellipse(200, 200, 300, 300); 

// pizza
fill(161, 110, 48);
arc(200, 200, 250, 250, 0, 308);
fill(250, 216, 147);
arc(200, 200, 200, 200, 1, 308);


// pizza - pepperoni
fill(184, 13, 13);
ellipse(166, 162, 50, 50);
ellipse(223, 260, 50, 50);
ellipse(153, 225, 50, 50);
arc(262, 200, 50, 50, 1, 178);
arc(242, 146, 50, 50, -231, -55);

// pizza - slice
fill(161, 110, 48);
arc(215, 192, 250, 250, 310, 361);
fill(250, 216, 147);
arc(215, 192, 200, 200, 310, 361);
fill(184, 13, 13);
arc(277, 192, 50, 50, -178, 1);
arc(259, 139, 50, 50, -411, -228);
